8: 14, 20, 3
14: 20, 12, 2
17: 13, 2
14: 6, 19, 13
12: 9, 20, 14
12: 20, 6, 3
14 : 2, 12, 11
12: 20, 6, 7
2: 10, 6, 3
2: 7, 6, 4
1
1
1
1: 15, 6, 13
1: 8
1

15: 8, 1, 9
1: 16, 15, 21
1: 17, 16, 10
1: 4, 18, 7
20: 18, 1, 12
1: 2, 9, 8
1

18: 14,13,9
2: 14
14: 7, 2, 12
14: 6, 2, 12
2: 10, 9, 3
2: 14, 4, 19
14: 2, 11, 10
7: 9, 14, 8
14: 2, 10, 6
2: 14, 15, 8
2: 14, 12, 16
8: 20, 3, 18
9: 14, 21, 4
2: 11, 7, 10, 14: 17, 12, 21
8: 9, 4, 20
2: 3, 6, 12.
2: 3, 10, 21
14: 2, 12, 13
18: 15, 20, 13
21: 14, 10, 6
9: 13, 5, 8, 12, 17, 21
6: 12, 18, 8
12: 13, 2, 18
2: 3,10,14,
8: 9, 10, 18
10: 8, 12, 14

4: 10, 2, 8
6: 12, 17, 9
1: 10, 3, 8
20: 15, 19, 16
10: 4, 2, 14
10: 4, 21, 9
6: 1, 14, 18
6: 2, 4, 8
4: 10, 21
19: 18, 9, 8
8: 4, 10
2: 14, 7, 6


6: 10, 21, 14
6: 5, 10, 7
6: 11, 9, 7

6: 8, 4, 10
6: 8, 7
20: 7, 6, 12
6: 20, 8
6: 9, 3, 7
6: 18, 9, 5
9: 20, 12, 6

14: 2, 20, 9
8: 6, 9
2: 12, 14, 8
2: 11, 6, 7
7: 2, 19, 14
15: 7, 18, 9
6: 7, 8, 3
8: 6, 9, 10, 20, 15, 12, 16
3: 6, 8, 5
12: 14 ,21, 2
8: 9, 6, 18
8: 6, 18, 7
1: 20, 6, 18
8: 9, 6, 12
8: 6, 20, 8
11
6: 8, 14, 2
8: 2, 14, 15
8: 7, 6, 10
8: 10, 11, 18
12: 9, 8, 14
18: 8, 15, 9
8: 10, 14, 4
8: 11, 6, 3
8: 7, 6, 9, 20

9: 18, 15, 16
8: 9, 20, 13
9: 6, 10, 8
9: 6, 8, 4
9: 8, 15, 10
9: 7, 14, 18
8: 18, 6, 9
9: 12, 20, 7
8: 9, 15, 18
11: 9, 2, 14
4: 9, 17, 18
9: 18, 16, 15
10: 4, 3, 7
12: 14, 21, 18
10: 15, 18, 3
8: 10, 6
10: 3, 1, 8
10: 21, 3, 1
19: 16, 9, 10
2: 10, 14, 20
10: 1, 21, 20
8: 18, 14, 16
10: 2, 11, 4
11: 2, 14, 20
11
11: 14, 20, 12
11: 10, 2, 17
11: 2, 14, 20
11
11: 2, 14, 12
11: 6, 1, 10, 19, 14, 15, 21
11: 14, 20, 9
2: 11, 14, 12
11: 2, 14, 18
11
11: 5, 2, 4.
2: 11, 10, 7, 5, 14, 21, 18, 20
11: 12, 14, 8
11: 2, 7, 18
20: 16, 6, 8
2: 14, 13, 12
12: 6, 17, 10
12: 9, 20, 6
1: 3, 6, 10, 12, 16, 19, 21
2: 11, 14, 15
20: 8, 6, 13
14: 10, 21, 4
13: 2, 12, 20
12: 21, 18, 14
6: 9, 8
12: 10, 2, 20
20: 14, 8, 12
11: 12, 2, 14
12: 10, 3, 2
11: 2, 14, 13
9: 8, 6, 11
14: 12, 16, 21
10: 11, 3, 20, 4
11: 12, 14, 2
8: 20, 14, 9
12: 13, 20, 2
13: 4, 8, 17
17: 12, 14, 15
6: 10, 14, 8
4: 18, 8, 10

7: 4, 2, 20, 12, 14
14: 20, 18, 12
2: 6, 7, 9


11: 13, 14, 20
9: 21, 17, 14
12: 17, 21, 19
13: 12, 2, 9
2: 4, 10, 14
2: 14, 7, 8
6: 4, 8, 15
2: 12, 14, 4
14: 9, 2, 19
14: 8, 20, 2
2: 14, 17, 18, 20
12: 14, 8, 6
14: 18, 6, 8
2: 14, 15, 10
9: 6, 12, 15
10: 8, 6, 3
15: 18, 9
15: 10, 18, 21
17: 14, 15, 21
4: 10, 2, 8
15: 7, 8, 2
15: 8, 9, 6
16: 15, 20
12: 13, 20, 7
21: 15, 6, 14
3: 16, 15, 3
18: 15, 9, 8
15: 18, 8, 9


8: 7, 14, 20
6: 14, 17
19: 13, 14, 16
8: 20, 18
8: 15, 16, 20
8: 3, 6, 14
10: 4, 23, 14
2: 7, 9, 4
17: 14, 21, 18
9: 11, 2, 13
18: 15, 7, 8
16: 19, 13, 12
6: 14, 12, 3
18: 12, 15, 17
9: 8, 6, 7
17: 9, 8, 18

11: 18, 12, 9
20: 8, 6, 15
6: 9, 8, 18
9: 6, 13, 17
16: 21, 15


12: 9, 18, 4
8: 9, 18, 7
11: 2, 8, 14
18: 8, 15, 6
18: 15, 14, 8
10: 12, 5
18: 21, 14, 8
12: 20, 14, 2
18: 14, 20, 2
8: 9, 18, 15
8: 12, 14, 2
2: 8, 14, 18
18: 15, 7, 8
13: 12, 20, 14
20:12
2: 10, 6
2: 12, 14, 16
14: 19, 21, 10
6: 10, 12, 16
2: 8, 21, 17
14: 19, 15, 20
6: 8, 9, 15, 12, 18
14; 11, 4, 2
8: 7, 9, 18
10: 6, 4, 18, 15, 20, 19
8: 14, 2, 7
19: 16, 12, 18
9: 20, 15, 6
3: 2, 20, 19
9: 2, 18, 13
6: 12, 20, 7

14: 10, 8, 18
20: 21, 18, 17
7: 20, 9, 17
20: 6, 14, 2
9: 2, 17
8: 7, 20, 6
20: 9, 8, 15
6: 8, 2, 10, 13, 12, 20, 18
14: 2, 8, 11
18: 14, 12, 9
14: 12, 20, 15
21: 17, 18, 10
8: 20, 21, 14
14: 2, 6, 4
12: 14, 13, 20
8; 6, 7, 20
12: 14, 15, 2
10: 3, 21
10; 11, 12 ,21

9: 20, 8, 6
21: 14,1,10
2: 6, 7, 21, 17, 14, 12
17: 13, 21,8
10: 21, 15
14: 3, 11

14: 2, 8, 4
7: 2, 8, 10
10: 14, 8
2: 7, 8, 4
2: 4, 7, 9
12: 20, 19
6: 8, 14, 10
20: 12, 13, 14
2: 11, 12, 14
14: 2, 8, 3
12: 14, 2, 10
9: 7, 20, 10
11: 4, 2, 10
12: 20, 9, 8
6: 8, 10, 14
6: 7, 8, 15
6: 8, 9, 10
9: 2, 6,18
6: 8,9,18
8: 6, 9, 10

END
