Enter number of seminars (Seminar ID starts from 1): 21
Enter quotas for 21 seminars: 16
Parsing input file `data/Fall2014`...
Warning: Student has multiple entry for 8 on line 8: 6, 20, 8

Warning: Student has multiple entry for 3 on line 3: 16, 15, 3

Warning: Student entered out-of-bound Seminar ID: 10: 4, 23, 14

Number of students: 309
Running Hungarian algorithm on matrix of dimension (336, 336)
Student ID, Assigned Seminar, Cost
0, 3, 2
1, 14, 0
2, 17, 0
3, 13, 2
4, 12, 0
5, 12, 0
6, 14, 0
7, 12, 0
8, 3, 2
9, 2, 0
10, 1, 0
11, 1, 0
12, 1, 0
13, 1, 0
14, 1, 0
15, 1, 0
16, 16, 100000
17, 15, 0
18, 1, 0
19, 1, 0
20, 1, 0
21, 20, 0
22, 1, 0
23, 1, 0
24, 16, 100000
25, 18, 0
26, 2, 0
27, 14, 0
28, 14, 0
29, 3, 2
30, 19, 2
31, 14, 0
32, 7, 0
33, 14, 0
34, 15, 2
35, 16, 2
36, 3, 2
37, 9, 0
38, 2, 0
39, 8, 0
40, 3, 2
41, 21, 2
42, 13, 2
43, 18, 0
44, 21, 0
45, 9, 0
46, 6, 0
47, 12, 0
48, 3, 2
49, 8, 0
50, 10, 0
51, 16, 100000
52, 4, 0
53, 17, 2
54, 1, 0
55, 20, 0
56, 10, 0
57, 10, 0
58, 1, 2
59, 6, 0
60, 4, 0
61, 19, 0
62, 8, 0
63, 2, 0
64, 16, 100000
65, 16, 100000
66, 21, 2
67, 6, 0
68, 6, 0
69, 16, 100000
70, 6, 0
71, 6, 0
72, 20, 0
73, 6, 0
74, 3, 2
75, 6, 0
76, 9, 0
77, 17, 100000
78, 14, 0
79, 8, 0
80, 2, 0
81, 2, 0
82, 7, 0
83, 15, 0
84, 3, 2
85, 16, 2
86, 3, 0
87, 12, 0
88, 8, 0
89, 7, 2
90, 1, 0
91, 8, 0
92, 8, 0
93, 11, 0
94, 6, 0
95, 15, 2
96, 7, 2
97, 8, 0
98, 12, 0
99, 18, 0
100, 8, 0
101, 3, 2
102, 7, 2
103, 17, 100000
104, 9, 0
105, 13, 2
106, 9, 0
107, 9, 0
108, 9, 0
109, 9, 0
110, 8, 0
111, 9, 0
112, 15, 2
113, 11, 0
114, 4, 0
115, 9, 0
116, 10, 0
117, 12, 0
118, 10, 0
119, 8, 0
120, 10, 0
121, 10, 0
122, 19, 0
123, 2, 0
124, 10, 0
125, 16, 2
126, 10, 0
127, 11, 0
128, 11, 0
129, 11, 0
130, 17, 2
131, 11, 0
132, 11, 0
133, 11, 0
134, 1, 2
135, 11, 0
136, 2, 0
137, 18, 2
138, 11, 0
139, 11, 0
140, 21, 2
141, 11, 0
142, 7, 2
143, 20, 0
144, 13, 2
145, 17, 2
146, 12, 0
147, 1, 0
148, 15, 2
149, 20, 0
150, 21, 2
151, 13, 0
152, 12, 0
153, 6, 0
154, 12, 0
155, 20, 0
156, 11, 0
157, 12, 0
158, 13, 2
159, 9, 0
160, 16, 2
161, 10, 0
162, 11, 0
163, 8, 0
164, 13, 2
165, 13, 0
166, 17, 0
167, 6, 0
168, 4, 0
169, 17, 100000
170, 7, 0
171, 14, 0
172, 2, 0
173, 19, 100000
174, 19, 100000
175, 13, 2
176, 9, 0
177, 19, 2
178, 13, 0
179, 2, 0
180, 2, 0
181, 6, 0
182, 2, 0
183, 19, 2
184, 14, 0
185, 17, 2
186, 12, 0
187, 14, 0
188, 15, 2
189, 9, 0
190, 10, 0
191, 15, 0
192, 15, 0
193, 17, 0
194, 4, 0
195, 15, 0
196, 15, 0
197, 16, 0
198, 13, 2
199, 21, 0
200, 3, 0
201, 18, 0
202, 15, 0
203, 19, 100000
204, 19, 100000
205, 7, 2
206, 17, 2
207, 19, 0
208, 8, 0
209, 16, 2
210, 3, 2
211, 10, 0
212, 2, 0
213, 17, 0
214, 13, 2
215, 18, 0
216, 16, 0
217, 3, 2
218, 18, 0
219, 9, 0
220, 17, 0
221, 19, 100000
222, 18, 2
223, 20, 0
224, 6, 0
225, 17, 2
226, 16, 0
227, 19, 100000
228, 19, 100000
229, 12, 0
230, 7, 2
231, 11, 0
232, 18, 0
233, 18, 0
234, 10, 0
235, 18, 0
236, 12, 0
237, 18, 0
238, 15, 2
239, 8, 0
240, 2, 0
241, 18, 0
242, 13, 0
243, 20, 0
244, 2, 0
245, 16, 2
246, 19, 2
247, 16, 2
248, 21, 2
249, 19, 2
250, 15, 2
251, 14, 0
252, 7, 2
253, 10, 0
254, 7, 2
255, 19, 0
256, 9, 0
257, 3, 0
258, 13, 2
259, 7, 2
260, 21, 100000
261, 14, 0
262, 20, 0
263, 7, 0
264, 20, 0
265, 17, 2
266, 8, 0
267, 20, 0
268, 13, 2
269, 14, 0
270, 18, 0
271, 15, 2
272, 21, 0
273, 21, 2
274, 14, 0
275, 13, 2
276, 20, 2
277, 12, 0
278, 10, 0
279, 21, 2
280, 21, 100000
281, 9, 0
282, 21, 0
283, 21, 2
284, 17, 0
285, 21, 2
286, 3, 2
287, 21, 100000
288, 14, 0
289, 7, 0
290, 10, 0
291, 7, 2
292, 7, 2
293, 20, 2
294, 6, 0
295, 20, 0
296, 2, 0
297, 14, 0
298, 12, 0
299, 20, 2
300, 11, 0
301, 20, 2
302, 6, 0
303, 15, 2
304, 6, 0
305, 18, 2
306, 18, 2
307, 8, 0
308, 3, 100000
Total Cost: 2000164

real	4m28.684s
user	4m26.771s
sys	0m0.116s

