Enter number of seminars [22]: 
Enter quotas for 22 seminars: 16
(352, 352)
(0, 8) -> 0
(1, 11) -> 0
(2, 15) -> 1
(3, 3) -> 0
(4, 21) -> 1
(5, 20) -> 1
(6, 10) -> 0
(7, 21) -> 0
(8, 19) -> 0
(9, 15) -> 1
(10, 9) -> 0
(11, 2) -> 0
(12, 14) -> 1
(13, 7) -> 0
(14, 18) -> 0
(15, 7) -> 1
(16, 18) -> 0
(17, 6) -> 0
(18, 12) -> 0
(19, 16) -> 0
(20, 19) -> 0
(21, 20) -> 0
(22, 2) -> 0
(23, 16) -> 0
(24, 10) -> 0
(25, 17) -> 0
(26, 10) -> 0
(27, 3) -> 0
(28, 14) -> 1
(29, 21) -> 2
(30, 12) -> 0
(31, 2) -> 0
(32, 22) -> 0
(33, 9) -> 0
(34, 11) -> 0
(35, 14) -> 0
(36, 13) -> 0
(37, 8) -> 0
(38, 17) -> 0
(39, 15) -> 1
(40, 1) -> 0
(41, 3) -> 0
(42, 19) -> 0
(43, 7) -> 0
(44, 18) -> 0
(45, 4) -> 0
(46, 19) -> 0
(47, 13) -> 1
(48, 2) -> 0
(49, 19) -> 0
(50, 21) -> 0
(51, 20) -> 1
(52, 16) -> 0
(53, 16) -> 0
(54, 1) -> 0
(55, 13) -> 0
(56, 20) -> 0
(57, 22) -> 0
(58, 12) -> 1
(59, 11) -> 1
(60, 9) -> 0
(61, 8) -> 0
(62, 19) -> 0
(63, 9) -> 0
(64, 4) -> 0
(65, 6) -> 0
(66, 5) -> 0
(67, 13) -> 0
(68, 17) -> 0
(69, 19) -> 0
(70, 5) -> 1
(71, 4) -> 0
(72, 10) -> 0
(73, 12) -> 0
(74, 4) -> 0
(75, 15) -> 0
(76, 12) -> 0
(77, 11) -> 0
(78, 3) -> 0
(79, 16) -> 0
(80, 17) -> 0
(81, 12) -> 0
(82, 1) -> 0
(83, 12) -> 0
(84, 8) -> 0
(85, 2) -> 0
(86, 7) -> 0
(87, 16) -> 0
(88, 5) -> 1
(89, 11) -> 0
(90, 15) -> 0
(91, 11) -> 0
(92, 14) -> 0
(93, 7) -> 0
(94, 18) -> 0
(95, 2) -> 0
(96, 21) -> 0
(97, 16) -> 0
(98, 4) -> 0
(99, 20) -> 0
(100, 17) -> 0
(101, 11) -> 1
(102, 6) -> 0
(103, 7) -> 0
(104, 9) -> 0
(105, 9) -> 0
(106, 13) -> 0
(107, 15) -> 0
(108, 3) -> 0
(109, 2) -> 1
(110, 13) -> 0
(111, 21) -> 0
(112, 22) -> 0
(113, 1) -> 0
(114, 10) -> 0
(115, 2) -> 0
(116, 17) -> 0
(117, 11) -> 0
(118, 1) -> 0
(119, 11) -> 0
(120, 6) -> 0
(121, 8) -> 0
(122, 17) -> 0
(123, 13) -> 0
(124, 7) -> 0
(125, 21) -> 1
(126, 8) -> 0
(127, 12) -> 0
(128, 17) -> 0
(129, 3) -> 0
(130, 7) -> 0
(131, 5) -> 1
(132, 2) -> 0
(133, 22) -> 0
(134, 3) -> 0
(135, 15) -> 0
(136, 16) -> 0
(137, 12) -> 0
(138, 6) -> 0
(139, 2) -> 0
(140, 21) -> 0
(141, 7) -> 0
(142, 10) -> 0
(143, 18) -> 0
(144, 19) -> 0
(145, 21) -> 1
(146, 1) -> 0
(147, 1) -> 0
(148, 10) -> 0
(149, 8) -> 0
(150, 21) -> 1
(151, 11) -> 0
(152, 18) -> 0
(153, 5) -> 0
(154, 3) -> 0
(155, 2) -> 0
(156, 10) -> 0
(157, 5) -> 0
(158, 21) -> 1
(159, 18) -> 0
(160, 14) -> 1
(161, 3) -> 0
(162, 16) -> 0
(163, 9) -> 0
(164, 22) -> 0
(165, 16) -> 0
(166, 19) -> 0
(167, 19) -> 0
(168, 8) -> 0
(169, 22) -> 0
(170, 9) -> 0
(171, 21) -> 0
(172, 13) -> 0
(173, 6) -> 0
(174, 15) -> 0
(175, 22) -> 0
(176, 16) -> 0
(177, 12) -> 0
(178, 17) -> 0
(179, 11) -> 0
(180, 17) -> 0
(181, 22) -> 0
(182, 12) -> 0
(183, 10) -> 0
(184, 13) -> 0
(185, 22) -> 0
(186, 4) -> 0
(187, 7) -> 0
(188, 8) -> 0
(189, 13) -> 0
(190, 18) -> 0
(191, 8) -> 0
(192, 4) -> 0
(193, 3) -> 0
(194, 17) -> 0
(195, 2) -> 0
(196, 14) -> 1
(197, 12) -> 0
(198, 11) -> 1
(199, 7) -> 0
(200, 18) -> 0
(201, 1) -> 0
(202, 19) -> 0
(203, 13) -> 1
(204, 20) -> 1
(205, 8) -> 0
(206, 20) -> 0
(207, 21) -> 0
(208, 12) -> 0
(209, 9) -> 0
(210, 18) -> 0
(211, 10) -> 0
(212, 3) -> 0
(213, 5) -> 0
(214, 8) -> 0
(215, 11) -> 0
(216, 5) -> 0
(217, 15) -> 0
(218, 22) -> 0
(219, 6) -> 0
(220, 14) -> 0
(221, 9) -> 0
(222, 22) -> 0
(223, 4) -> 0
(224, 1) -> 0
(225, 2) -> 0
(226, 17) -> 0
(227, 18) -> 0
(228, 20) -> 1
(229, 10) -> 0
(230, 20) -> 0
(231, 9) -> 0
(232, 9) -> 0
(233, 8) -> 0
(234, 2) -> 0
(235, 17) -> 0
(236, 1) -> 0
(237, 10) -> 0
(238, 10) -> 0
(239, 4) -> 0
(240, 16) -> 0
(241, 1) -> 0
(242, 11) -> 0
(243, 13) -> 0
(244, 14) -> 1
(245, 4) -> 0
(246, 21) -> 0
(247, 14) -> 0
(248, 22) -> 0
(249, 14) -> 0
(250, 6) -> 0
(251, 17) -> 0
(252, 18) -> 0
(253, 20) -> 0
(254, 1) -> 0
(255, 18) -> 0
(256, 2) -> 1
(257, 1) -> 0
(258, 6) -> 0
(259, 15) -> 0
(260, 18) -> 0
(261, 5) -> 0
(262, 9) -> 0
(263, 22) -> 0
(264, 8) -> 0
(265, 14) -> 1
(266, 12) -> 0
(267, 6) -> 0
(268, 5) -> 1
(269, 3) -> 0
(270, 7) -> 0
(271, 6) -> 0
(272, 6) -> 0
(273, 20) -> 0
(274, 4) -> 0
(275, 3) -> 0
(276, 20) -> 1
(277, 5) -> 0
(278, 5) -> 0
(279, 4) -> 0
(280, 7) -> 0
(281, 21) -> 0
(282, 7) -> 0
(283, 3) -> 0
(284, 12) -> 0
(285, 20) -> 1
(286, 4) -> 0
(287, 15) -> 0
(288, 18) -> 0
(289, 11) -> 0
(290, 3) -> 0
(291, 19) -> 0
(292, 3) -> 0
(293, 5) -> 0
(294, 15) -> 0
(295, 22) -> 0
(296, 14) -> 1
(297, 12) -> 1
(298, 4) -> 0
(299, 7) -> 0
(300, 6) -> 0
(301, 9) -> 0
(302, 1) -> 0
(303, 22) -> 0
(304, 4) -> 0
(305, 11) -> 0
(306, 16) -> 0
(307, 16) -> 0
(308, 14) -> 1
(309, 16) -> 0
(310, 7) -> 0
(311, 10) -> 0
(312, 19) -> 0
(313, 2) -> 0
(314, 1) -> 0
(315, 15) -> 0
(316, 5) -> 0
(317, 5) -> 0
(318, 20) -> 0
(319, 6) -> 0
(320, 20) -> 0
(321, 17) -> 0
(322, 10) -> 0
(323, 15) -> 0
(324, 21) -> 0
(325, 13) -> 0
(326, 19) -> 0
(327, 8) -> 0
(328, 4) -> 0
(329, 16) -> 0
(330, 6) -> 0
(331, 10) -> 0
(332, 9) -> 0
(333, 8) -> 0
(334, 5) -> 1
(335, 22) -> 0
(336, 6) -> 0
(337, 15) -> 1
(338, 20) -> 0
(339, 19) -> 0
(340, 17) -> 0
(341, 13) -> 0
(342, 9) -> 0
(343, 19) -> 0
(344, 15) -> 1
(345, 13) -> 0
(346, 13) -> 0
(347, 18) -> 0
(348, 14) -> 1
(349, 1) -> 0
(350, 14) -> 0
(351, 14) -> 0
total cost: 42

real	3m9.830s
user	3m9.315s
sys	0m0.048s

