Enter number of seminars [22]: 
Enter quotas for 22 seminars: 16
(352, 352)
(0, 3) -> 0
(1, 6) -> 0
(2, 13) -> 1
(3, 5) -> 0
(4, 11) -> 0
(5, 14) -> 0
(6, 9) -> 1
(7, 19) -> 0
(8, 2) -> 0
(9, 15) -> 0
(10, 20) -> 0
(11, 9) -> 0
(12, 7) -> 0
(13, 8) -> 0
(14, 19) -> 0
(15, 12) -> 0
(16, 5) -> 0
(17, 2) -> 0
(18, 5) -> 0
(19, 18) -> 0
(20, 13) -> 0
(21, 22) -> 0
(22, 20) -> 0
(23, 14) -> 0
(24, 2) -> 0
(25, 1) -> 0
(26, 18) -> 0
(27, 21) -> 0
(28, 6) -> 0
(29, 3) -> 0
(30, 13) -> 0
(31, 1) -> 0
(32, 21) -> 0
(33, 4) -> 0
(34, 5) -> 0
(35, 21) -> 1
(36, 9) -> 0
(37, 9) -> 0
(38, 5) -> 1
(39, 22) -> 0
(40, 2) -> 0
(41, 16) -> 0
(42, 17) -> 1
(43, 8) -> 0
(44, 1) -> 0
(45, 3) -> 0
(46, 8) -> 0
(47, 3) -> 0
(48, 6) -> 0
(49, 10) -> 1
(50, 8) -> 0
(51, 1) -> 0
(52, 7) -> 0
(53, 22) -> 0
(54, 17) -> 1
(55, 6) -> 0
(56, 10) -> 0
(57, 14) -> 0
(58, 12) -> 0
(59, 16) -> 0
(60, 9) -> 0
(61, 18) -> 0
(62, 1) -> 0
(63, 11) -> 0
(64, 15) -> 0
(65, 7) -> 0
(66, 18) -> 0
(67, 16) -> 0
(68, 5) -> 0
(69, 8) -> 0
(70, 18) -> 0
(71, 13) -> 0
(72, 5) -> 0
(73, 19) -> 0
(74, 10) -> 0
(75, 19) -> 0
(76, 9) -> 1
(77, 11) -> 0
(78, 8) -> 0
(79, 2) -> 0
(80, 13) -> 0
(81, 13) -> 0
(82, 12) -> 1
(83, 4) -> 0
(84, 3) -> 0
(85, 16) -> 0
(86, 10) -> 0
(87, 20) -> 0
(88, 16) -> 0
(89, 16) -> 0
(90, 10) -> 0
(91, 12) -> 1
(92, 15) -> 1
(93, 8) -> 0
(94, 4) -> 0
(95, 4) -> 0
(96, 8) -> 0
(97, 19) -> 0
(98, 1) -> 0
(99, 21) -> 1
(100, 12) -> 2
(101, 4) -> 0
(102, 1) -> 0
(103, 5) -> 0
(104, 4) -> 0
(105, 2) -> 0
(106, 10) -> 0
(107, 21) -> 1
(108, 5) -> 0
(109, 19) -> 0
(110, 6) -> 0
(111, 19) -> 0
(112, 4) -> 0
(113, 12) -> 0
(114, 19) -> 0
(115, 2) -> 0
(116, 2) -> 0
(117, 16) -> 0
(118, 14) -> 1
(119, 5) -> 0
(120, 13) -> 0
(121, 17) -> 0
(122, 8) -> 0
(123, 8) -> 0
(124, 8) -> 0
(125, 14) -> 0
(126, 22) -> 1
(127, 15) -> 0
(128, 6) -> 1
(129, 15) -> 0
(130, 9) -> 2
(131, 13) -> 0
(132, 3) -> 0
(133, 3) -> 0
(134, 10) -> 0
(135, 2) -> 0
(136, 22) -> 0
(137, 9) -> 2
(138, 1) -> 0
(139, 4) -> 0
(140, 17) -> 0
(141, 20) -> 0
(142, 19) -> 0
(143, 2) -> 0
(144, 3) -> 0
(145, 20) -> 0
(146, 1) -> 0
(147, 1) -> 0
(148, 11) -> 0
(149, 18) -> 0
(150, 22) -> 0
(151, 7) -> 0
(152, 21) -> 0
(153, 14) -> 0
(154, 21) -> 1
(155, 4) -> 0
(156, 12) -> 1
(157, 3) -> 0
(158, 16) -> 0
(159, 19) -> 0
(160, 21) -> 0
(161, 6) -> 0
(162, 1) -> 0
(163, 22) -> 0
(164, 8) -> 0
(165, 6) -> 0
(166, 14) -> 0
(167, 7) -> 0
(168, 22) -> 1
(169, 2) -> 0
(170, 13) -> 1
(171, 14) -> 0
(172, 4) -> 0
(173, 14) -> 1
(174, 16) -> 0
(175, 9) -> 1
(176, 3) -> 0
(177, 16) -> 0
(178, 17) -> 0
(179, 13) -> 0
(180, 6) -> 0
(181, 10) -> 0
(182, 20) -> 0
(183, 9) -> 0
(184, 20) -> 0
(185, 4) -> 0
(186, 15) -> 0
(187, 15) -> 0
(188, 13) -> 0
(189, 15) -> 1
(190, 11) -> 0
(191, 3) -> 0
(192, 3) -> 0
(193, 6) -> 0
(194, 17) -> 1
(195, 5) -> 0
(196, 6) -> 0
(197, 5) -> 0
(198, 4) -> 0
(199, 15) -> 1
(200, 11) -> 0
(201, 20) -> 0
(202, 12) -> 0
(203, 20) -> 0
(204, 22) -> 1
(205, 17) -> 1
(206, 16) -> 1
(207, 14) -> 1
(208, 15) -> 2
(209, 16) -> 0
(210, 8) -> 0
(211, 22) -> 0
(212, 9) -> 0
(213, 21) -> 0
(214, 20) -> 0
(215, 8) -> 0
(216, 22) -> 0
(217, 15) -> 2
(218, 1) -> 0
(219, 13) -> 0
(220, 11) -> 0
(221, 13) -> 0
(222, 19) -> 0
(223, 11) -> 1
(224, 19) -> 0
(225, 11) -> 0
(226, 13) -> 1
(227, 14) -> 0
(228, 12) -> 1
(229, 4) -> 0
(230, 6) -> 0
(231, 19) -> 0
(232, 3) -> 0
(233, 2) -> 0
(234, 13) -> 0
(235, 21) -> 0
(236, 19) -> 0
(237, 21) -> 1
(238, 8) -> 0
(239, 18) -> 0
(240, 17) -> 2
(241, 6) -> 0
(242, 22) -> 0
(243, 11) -> 0
(244, 7) -> 0
(245, 7) -> 0
(246, 10) -> 0
(247, 2) -> 0
(248, 10) -> 0
(249, 6) -> 0
(250, 20) -> 0
(251, 2) -> 0
(252, 18) -> 0
(253, 14) -> 0
(254, 9) -> 1
(255, 7) -> 1
(256, 11) -> 0
(257, 11) -> 1
(258, 10) -> 1
(259, 2) -> 0
(260, 10) -> 0
(261, 20) -> 0
(262, 7) -> 0
(263, 17) -> 1
(264, 10) -> 0
(265, 5) -> 0
(266, 21) -> 1
(267, 12) -> 1
(268, 18) -> 1
(269, 16) -> 0
(270, 20) -> 0
(271, 7) -> 0
(272, 18) -> 0
(273, 4) -> 0
(274, 12) -> 2
(275, 17) -> 0
(276, 5) -> 0
(277, 20) -> 0
(278, 18) -> 0
(279, 20) -> 0
(280, 11) -> 1
(281, 3) -> 0
(282, 18) -> 0
(283, 1) -> 0
(284, 12) -> 0
(285, 18) -> 1
(286, 15) -> 1
(287, 4) -> 0
(288, 15) -> 1
(289, 17) -> 2
(290, 14) -> 0
(291, 1) -> 0
(292, 7) -> 0
(293, 1) -> 0
(294, 10) -> 1
(295, 14) -> 0
(296, 5) -> 0
(297, 17) -> 0
(298, 7) -> 0
(299, 14) -> 0
(300, 11) -> 0
(301, 6) -> 0
(302, 12) -> 0
(303, 16) -> 0
(304, 10) -> 1
(305, 18) -> 0
(306, 21) -> 2
(307, 7) -> 0
(308, 7) -> 0
(309, 3) -> 0
(310, 17) -> 1
(311, 12) -> 0
(312, 21) -> 0
(313, 22) -> 1
(314, 12) -> 1
(315, 13) -> 0
(316, 9) -> 0
(317, 22) -> 1
(318, 11) -> 1
(319, 2) -> 0
(320, 4) -> 0
(321, 22) -> 1
(322, 19) -> 0
(323, 12) -> 0
(324, 9) -> 1
(325, 7) -> 1
(326, 18) -> 0
(327, 9) -> 0
(328, 1) -> 0
(329, 10) -> 1
(330, 5) -> 0
(331, 21) -> 1
(332, 21) -> 2
(333, 17) -> 2
(334, 19) -> 0
(335, 15) -> 2
(336, 17) -> 0
(337, 9) -> 1
(338, 7) -> 1
(339, 8) -> 0
(340, 17) -> 1
(341, 14) -> 0
(342, 6) -> 1
(343, 16) -> 1
(344, 3) -> 0
(345, 16) -> 0
(346, 11) -> 0
(347, 18) -> 1
(348, 20) -> 1
(349, 22) -> 1
(350, 15) -> 0
(351, 15) -> 0
total cost: 89

real	4m17.858s
user	4m16.300s
sys	0m0.072s

